# body_P_vicon
body_P_vicon:
  qw:  1
  qx:  0
  qy:  0
  qz:  0
  x:   0
  y:   0
  z:   0

# t265imu_P_vicon
t265_P_vicon:
  qw:  1
  qx:  0
  qy:  0
  qz:  0
  x:  -0
  y:  -0
  z:  -0

# t265imu_P_t265vio
t265imu_P_t265vio:
  qw:  0.50070652
  qx:  0.49925421
  qy:  0.49962136
  qz: -0.50041654
  x:  -0.0355309819492
  y:   0.00538997334541
  z:   0.0275848322234

